s	t	H	V	T	P
0	0.0	-656.7567449923362	-656.7660191615605	0.005952134279547767	0.0
1	0.01	-656.7569020715863	-657.8536433203101	0.7038852779615351	0.0
2	0.02	-656.7573040659612	-660.511781665884	2.4096125791722685	0.0
3	0.03	-656.7578756344782	-664.1179168595512	4.723652611358537	0.0
4	0.04	-656.7584385757027	-667.8166865197334	7.097150706156837	0.0
5	0.05	-656.7587790613734	-670.8065191598029	9.015797897106728	0.0
6	0.06	-656.7589169143408	-672.63719803946	10.19063369442067	0.0
7	0.07	-656.7591429119071	-673.1585925234663	10.525118082027529	0.0
8	0.08	-656.7593336537035	-672.1653965979364	9.887565467618336	0.0
9	0.09	-656.7588484793248	-669.6169362690064	8.252282576610733	0.0
10	0.1	-656.7578517296267	-666.4140521894465	6.197320792503623	0.0
11	0.11	-656.7573229607168	-664.0921874292543	4.707494243746473	0.0
12	0.12	-656.757510492307	-663.4993253935932	4.326876791840317	0.0
13	0.13	-656.75777072154	-664.4412487933781	4.931233419551095	0.0
14	0.14	-656.7578864798581	-666.5229588151777	6.267194439033851	0.0
15	0.15	-656.7584851887835	-669.4124838556897	8.121298783413511	0.0
16	0.16	-656.7593113396604	-672.1043884860117	9.848424963562765	0.0
17	0.17	-656.7593920400972	-673.288100919694	10.608076296572376	0.0
18	0.18	-656.7587924062378	-672.6393202696435	10.1920756443839	0.0
19	0.19	-656.7581878637922	-670.8517545107927	9.045209239952204	0.0
20	0.2	-656.7578603583885	-668.7426437298452	7.691798393233381	0.0
21	0.21	-656.7577388594202	-666.7795956629034	6.431997948484973	0.0
22	0.22	-656.7577206837867	-665.1270983197564	5.3714417238474175	0.0
23	0.23	-656.7577413438344	-663.795219627566	4.516632673072807	0.0
24	0.24	-656.7577340229759	-662.750090471085	3.845876581217171	0.0
25	0.25	-656.7576794384606	-662.0109611202645	3.371540590006465	0.0
26	0.26	-656.7576639760537	-661.6660533688104	3.1501897426436685	0.0
27	0.27	-656.7577520988785	-661.7518929961944	3.2052248037326305	0.0
28	0.28	-656.7578637847195	-662.1699585464108	3.4734663532716143	0.0
29	0.29	-656.7579091666862	-662.7897323006312	3.8712061830372546	0.0
30	0.3	-656.7579260911367	-663.5691312818545	4.371411273625536	0.0
31	0.31	-656.7580445901157	-664.4991514619618	4.9682194123360786	0.0
32	0.32	-656.7582181584273	-665.4448770585586	5.57507189739671	0.0
33	0.33	-656.7582341070766	-666.2279117301528	6.077610989539397	0.0
34	0.34	-656.7581594917003	-666.8830270927824	6.498109972615856	0.0
35	0.35000000000000003	-656.7581023231794	-667.5813146088424	6.946305518275447	0.0
36	0.36	-656.7581962961676	-668.4515076740861	7.504732532960101	0.0
37	0.37	-656.7585888696354	-669.3672625284438	8.092209327755068	0.0
38	0.38	-656.7587891344989	-669.8414175341175	8.396392073561884	0.0
39	0.39	-656.7585135471131	-669.6710765065918	8.287244578887217	0.0
40	0.4	-656.7584129681313	-669.2558543615106	8.020820789974648	0.0
41	0.41000000000000003	-656.7585585711978	-668.7988770223641	7.727440642545586	0.0
42	0.42	-656.7583233125653	-668.1999059257453	7.3431737589603046	0.0
43	0.43	-656.7580005062474	-667.7501707219571	7.054742216259746	0.0
44	0.44	-656.7579400745923	-667.8551956440143	7.1221856843462605	0.0
45	0.45	-656.7584102121821	-668.4718498620871	7.517650798174075	0.0
46	0.46	-656.7587857731905	-668.8523544768545	7.761616496535265	0.0
47	0.47000000000000003	-656.7583650593099	-668.4254353090918	7.487891054813897	0.0
48	0.48	-656.7577273971754	-667.707619398451	7.027608183730865	0.0
49	0.49	-656.7577304854938	-667.541871515556	6.921229702406556	0.0
50	0.5	-656.7581828721019	-667.9303419952861	7.170258562813763	0.0
51	0.51	-656.7585350707103	-668.2124470965673	7.3510867394188795	0.0
52	0.52	-656.7587605079971	-667.8140652150744	7.095261745416618	0.0
53	0.53	-656.7589043030124	-666.3950215249603	6.18443143005079	0.0
54	0.54	-656.7585163627513	-663.8845358948622	4.573458183464694	0.0
55	0.55	-656.7573980157811	-661.0650983846455	2.764669310141594	0.0
56	0.56	-656.7569391634553	-659.5801516629616	1.8119294020096948	0.0
57	0.5700000000000001	-656.7576400562856	-660.1017015867604	2.146208764043232	0.0
58	0.58	-656.7582666202852	-661.6781577020789	3.1575714925270355	0.0
59	0.59	-656.7583649563884	-663.3007099266453	4.198857582194528	0.0
60	0.6	-656.7583535892679	-664.6701888245937	5.077792369242351	0.0
61	0.61	-656.7584488252334	-665.7216227980748	5.7525384502792765	0.0
62	0.62	-656.7583222629033	-666.341051000247	6.150166859105459	0.0
63	0.63	-656.7580353224437	-666.7299271186677	6.399930555137757	0.0
64	0.64	-656.7580862953265	-667.302879881659	6.767617223478531	0.0
65	0.65	-656.7585721331858	-668.0234911694041	7.229791599658767	0.0
66	0.66	-656.7589934101126	-668.2733239228806	7.389863144977544	0.0
67	0.67	-656.758684671848	-667.5981747668524	6.956752567993206	0.0
68	0.68	-656.7578539133176	-666.6052490027924	6.320028938291088	0.0
69	0.6900000000000001	-656.7577082910924	-666.5584772324434	6.2901044148260965	0.0
70	0.7000000000000001	-656.758397615338	-667.7627779841845	7.0625786562993715	0.0
71	0.71	-656.7588498504495	-669.3569281912731	8.085409284122681	0.0
72	0.72	-656.7588479471843	-670.6833746853994	8.936719928256762	0.0
73	0.73	-656.7591810586421	-671.5694558871746	9.505190423446521	0.0
74	0.74	-656.7592157625281	-671.5135826965735	9.469308902716657	0.0
75	0.75	-656.7585836621824	-670.4547449796233	8.790155679063574	0.0
76	0.76	-656.7585542019726	-669.1156503644089	7.930747637343808	0.0
77	0.77	-656.758608971721	-667.632057258068	6.978546834398442	0.0
78	0.78	-656.7583969162864	-666.0242391085166	5.946790015069508	0.0
79	0.79	-656.7584199667785	-664.6190640609137	5.0449380467774905	0.0
80	0.8	-656.7582278566883	-663.5266440581408	4.343949427326101	0.0
81	0.81	-656.7577896412627	-663.1221491350326	4.084627031701522	0.0
82	0.8200000000000001	-656.7582810764907	-663.9380167328036	4.607933032531338	0.0
83	0.8300000000000001	-656.7593874758254	-665.2421671562466	5.444222819363803	0.0
84	0.84	-656.7596790834775	-665.5093273986557	5.615498317001621	0.0
85	0.85	-656.7589443528932	-664.4368724305766	4.927671449776749	0.0
86	0.86	-656.7580648977688	-663.3534801379635	4.2329179239115655	0.0
87	0.87	-656.7588692427481	-663.6068680746689	4.39502532333464	0.0
88	0.88	-656.759724118668	-664.1799957567471	4.762308311643167	0.0
89	0.89	-656.7585580043292	-663.9076728842182	4.588280709114447	0.0
90	0.9	-656.7579185507074	-664.0599863307185	4.686445426401078	0.0
91	0.91	-656.7583867496371	-665.4877416974283	5.602474094049733	0.0
92	0.92	-656.7591821830667	-667.4919732983194	6.888273479504326	0.0
93	0.93	-656.7594905594881	-668.8588007469297	7.76530136378121	0.0
94	0.9400000000000001	-656.7590181963591	-669.1270479033982	7.937764753815725	0.0
95	0.9500000000000001	-656.7586496516016	-668.9221961259145	7.806528022021954	0.0
96	0.96	-656.7585336354134	-668.8518210350991	7.7614359564769275	0.0
97	0.97	-656.7586599784142	-669.1010657920096	7.921319415063256	0.0
98	0.98	-656.7588865979845	-669.4828826758576	8.166222913997956	0.0
99	0.99	-656.7589477520573	-669.6889062255527	8.298408968147893	0.0
